050318 1.44 -13.66 184.88 218.76
050401 2.90 285.19 59.05 59.14
050525A 0.61 54.72 25.42 25.59
050802 1.71 555.80 386.11 395.90
050922C 2.20 162.52 74.74 79.50
060206 4.05 252.40 85.65 88.18
060210 3.91 349.99 233.64 237.12
060306 1.55 42.56 51.17 53.73
060814 1.92 -100.01 138.04 138.73
060908 1.88 230.04 169.95 175.42
060912A 0.94 -7.09 82.58 83.49
060927 5.47 14.26 111.90 111.69
061007 1.26 27.05 25.42 26.88
061021 0.35 -603.94 416.22 403.94
061121 1.31 28.36 20.02 20.25
061222A 2.09 6.07 145.67 139.01
070306 1.50 -213.78 290.08 281.92
070521 1.35 40.20 39.51 39.07
071020 2.15 48.47 10.70 10.24
071117 1.33 258.54 41.21 42.58
080319B 0.94 30.29 21.67 19.18
080319C 1.95 217.82 168.48 171.20
080413B 1.10 96.00 61.91 59.56
080430 0.77 44.04 564.87 634.35
080603B 2.69 -43.59 67.38 63.01
080605 1.64 53.65 36.46 37.38
080607 3.04 90.99 91.44 101.78
080721 2.59 -158.16 162.73 149.69
080804 2.20 -347.40 618.25 623.99
080916A 0.69 599.82 288.57 290.73
081121 2.51 -10.41 245.62 266.41
081203A 2.10 -39.23 198.37 175.09
081221 2.26 99.44 77.55 80.56
081222 2.77 129.02 81.04 86.36
090102 1.55 522.53 278.44 304.17
090201 2.10 -56.92 175.92 176.01
090424 0.54 18.62 47.22 50.44
090709A 1.80 -31.00 68.71 71.05
090715B 3.00 70.66 304.24 385.39
090812 2.45 168.71 338.84 343.29
090926B 1.24 1031.73 861.13 887.57
091018 0.97 163.65 147.37 149.05
091020 1.71 -78.58 282.06 290.03
091127 0.49 157.64 194.65 192.49
091208B 1.06 84.20 31.61 31.60
100615A 1.40 162.03 106.60 108.27
100621A 0.54 924.74 727.39 677.68
100728B 2.11 -115.00 456.44 406.26
110205A 2.22 -125.63 136.21 144.66
110503A 1.61 46.77 82.15 85.65
051221A 0.55 -1.85 2.32 2.47
070714B 0.92 5.58 35.01 31.56
090510 0.90 -7.99 8.40 8.63
101219A 0.72 -0.02 21.77 22.42
111117A 1.30 3.24 10.70 10.10
130603B 0.36 -3.44 5.58 7.27
